approximation is neural_network
Q_real is [20.         18.715      19.         17.87425    18.05       16.9805375
 17.1475     16.13151062 16.290125   15.32493509 15.47561875 14.55868834
 14.70183781 13.83075392 13.96674592 13.13921623 13.26840863 12.48225541
 12.60498819 11.85814264 11.97473878 11.26523551 11.37600185 10.70197374
 10.80720175 10.16687505 10.26684167  9.6585313   9.75349958  9.17560473
  9.2658246   8.7168245   8.80253337  8.28098327  8.3624067   7.86693411
  7.94428637  7.4735874   7.54707205  7.43783941  7.16971845  8.35544259
  7.93767046 10.09076655  9.58622822 12.4395178  11.81754191 15.40480642
 14.6345661  19.09583358 18.1410419  23.67632221 22.4925061  29.35689249
 27.88904786 36.40074793 34.58071053 45.13479587 42.87805608 55.96453043]
